Mortgage Amount:       $ 651190.42
Mortgage Duration:     30.00
Interest Rate:         2.87%
Monthly Payment:       $ 2700.00
Total Payment:         $ 972000.00

Amortization Schedule ------------------------------------------------------------
Payment #     Interest    Principal      Balance
                  paid         paid             

        1      1557.43      1142.57    650047.85
        2      1554.70      1145.30    648902.55
        3      1551.96      1148.04    647754.50
        4      1549.21      1150.79    646603.72
        5      1546.46      1153.54    645450.18
        6      1543.70      1156.30    644293.88
        7      1540.94      1159.06    643134.82
        8      1538.16      1161.84    641972.98
        9      1535.39      1164.61    640808.37
       10      1532.60      1167.40    639640.97
       11      1529.81      1170.19    638470.77
       12      1527.01      1172.99    637297.78
       13      1524.20      1175.80    636121.99
       14      1521.39      1178.61    634943.38
       15      1518.57      1181.43    633761.95
       16      1515.75      1184.25    632577.70
       17      1512.91      1187.09    631390.61
       18      1510.08      1189.92    630200.69
       19      1507.23      1192.77    629007.92
       20      1504.38      1195.62    627812.30
       21      1501.52      1198.48    626613.81
       22      1498.65      1201.35    625412.47
       23      1495.78      1204.22    624208.24
       24      1492.90      1207.10    623001.14
       25      1490.01      1209.99    621791.15
       26      1487.12      1212.88    620578.27
       27      1484.22      1215.78    619362.49
       28      1481.31      1218.69    618143.80
       29      1478.39      1221.61    616922.19
       30      1475.47      1224.53    615697.66
       31      1472.54      1227.46    614470.20
       32      1469.61      1230.39    613239.81
       33      1466.67      1233.33    612006.48
       34      1463.72      1236.28    610770.19
       35      1460.76      1239.24    609530.95
       36      1457.79      1242.21    608288.75
       37      1454.82      1245.18    607043.57
       38      1451.85      1248.15    605795.42
       39      1448.86      1251.14    604544.28
       40      1445.87      1254.13    603290.15
       41      1442.87      1257.13    602033.01
       42      1439.86      1260.14    600772.88
       43      1436.85      1263.15    599509.73
       44      1433.83      1266.17    598243.55
       45      1430.80      1269.20    596974.35
       46      1427.76      1272.24    595702.12
       47      1424.72      1275.28    594426.84
       48      1421.67      1278.33    593148.51
       49      1418.61      1281.39    591867.12
       50      1415.55      1284.45    590582.67
       51      1412.48      1287.52    589295.15
       52      1409.40      1290.60    588004.54
       53      1406.31      1293.69    586710.86
       54      1403.22      1296.78    585414.07
       55      1400.12      1299.88    584114.19
       56      1397.01      1302.99    582811.19
       57      1393.89      1306.11    581505.08
       58      1390.77      1309.23    580195.85
       59      1387.64      1312.36    578883.49
       60      1384.50      1315.50    577567.98
       61      1381.35      1318.65    576249.33
       62      1378.20      1321.80    574927.53
       63      1375.04      1324.96    573602.56
       64      1371.87      1328.13    572274.43
       65      1368.69      1331.31    570943.12
       66      1365.51      1334.49    569608.62
       67      1362.31      1337.69    568270.94
       68      1359.11      1340.89    566930.05
       69      1355.91      1344.09    565585.96
       70      1352.69      1347.31    564238.65
       71      1349.47      1350.53    562888.12
       72      1346.24      1353.76    561534.37
       73      1343.00      1357.00    560177.37
       74      1339.76      1360.24    558817.13
       75      1336.50      1363.50    557453.63
       76      1333.24      1366.76    556086.87
       77      1329.97      1370.03    554716.85
       78      1326.70      1373.30    553343.55
       79      1323.41      1376.59    551966.96
       80      1320.12      1379.88    550587.08
       81      1316.82      1383.18    549203.90
       82      1313.51      1386.49    547817.41
       83      1310.20      1389.80    546427.61
       84      1306.87      1393.13    545034.48
       85      1303.54      1396.46    543638.02
       86      1300.20      1399.80    542238.22
       87      1296.85      1403.15    540835.08
       88      1293.50      1406.50    539428.58
       89      1290.13      1409.87    538018.71
       90      1286.76      1413.24    536605.47
       91      1283.38      1416.62    535188.85
       92      1279.99      1420.01    533768.84
       93      1276.60      1423.40    532345.44
       94      1273.19      1426.81    530918.63
       95      1269.78      1430.22    529488.42
       96      1266.36      1433.64    528054.77
       97      1262.93      1437.07    526617.71
       98      1259.49      1440.51    525177.20
       99      1256.05      1443.95    523733.25
      100      1252.60      1447.40    522285.84
      101      1249.13      1450.87    520834.98
      102      1245.66      1454.34    519380.64
      103      1242.19      1457.81    517922.83
      104      1238.70      1461.30    516461.53
      105      1235.20      1464.80    514996.73
      106      1231.70      1468.30    513528.43
      107      1228.19      1471.81    512056.62
      108      1224.67      1475.33    510581.29
      109      1221.14      1478.86    509102.43
      110      1217.60      1482.40    507620.03
      111      1214.06      1485.94    506134.09
      112      1210.50      1489.50    504644.59
      113      1206.94      1493.06    503151.53
      114      1203.37      1496.63    501654.91
      115      1199.79      1500.21    500154.70
      116      1196.20      1503.80    498650.90
      117      1192.61      1507.39    497143.51
      118      1189.00      1511.00    495632.51
      119      1185.39      1514.61    494117.90
      120      1181.77      1518.23    492599.66
      121      1178.13      1521.87    491077.80
      122      1174.49      1525.51    489552.29
      123      1170.85      1529.15    488023.14
      124      1167.19      1532.81    486490.32
      125      1163.52      1536.48    484953.85
      126      1159.85      1540.15    483413.69
      127      1156.16      1543.84    481869.86
      128      1152.47      1547.53    480322.33
      129      1148.77      1551.23    478771.10
      130      1145.06      1554.94    477216.16
      131      1141.34      1558.66    475657.51
      132      1137.61      1562.39    474095.12
      133      1133.88      1566.12    472529.00
      134      1130.13      1569.87    470959.13
      135      1126.38      1573.62    469385.51
      136      1122.61      1577.39    467808.12
      137      1118.84      1581.16    466226.96
      138      1115.06      1584.94    464642.02
      139      1111.27      1588.73    463053.29
      140      1107.47      1592.53    461460.76
      141      1103.66      1596.34    459864.42
      142      1099.84      1600.16    458264.26
      143      1096.02      1603.98    456660.28
      144      1092.18      1607.82    455052.46
      145      1088.33      1611.67    453440.79
      146      1084.48      1615.52    451825.27
      147      1080.62      1619.38    450205.88
      148      1076.74      1623.26    448582.63
      149      1072.86      1627.14    446955.49
      150      1068.97      1631.03    445324.45
      151      1065.07      1634.93    443689.52
      152      1061.16      1638.84    442050.68
      153      1057.24      1642.76    440407.92
      154      1053.31      1646.69    438761.23
      155      1049.37      1650.63    437110.60
      156      1045.42      1654.58    435456.02
      157      1041.47      1658.53    433797.49
      158      1037.50      1662.50    432134.98
      159      1033.52      1666.48    430468.51
      160      1029.54      1670.46    428798.05
      161      1025.54      1674.46    427123.59
      162      1021.54      1678.46    425445.12
      163      1017.52      1682.48    423762.65
      164      1013.50      1686.50    422076.15
      165      1009.47      1690.53    420385.61
      166      1005.42      1694.58    418691.03
      167      1001.37      1698.63    416992.40
      168       997.31      1702.69    415289.71
      169       993.23      1706.77    413582.94
      170       989.15      1710.85    411872.10
      171       985.06      1714.94    410157.16
      172       980.96      1719.04    408438.12
      173       976.85      1723.15    406714.96
      174       972.73      1727.27    404987.69
      175       968.60      1731.40    403256.29
      176       964.45      1735.55    401520.74
      177       960.30      1739.70    399781.05
      178       956.14      1743.86    398037.19
      179       951.97      1748.03    396289.16
      180       947.79      1752.21    394536.95
      181       943.60      1756.40    392780.55
      182       939.40      1760.60    391019.95
      183       935.19      1764.81    389255.14
      184       930.97      1769.03    387486.11
      185       926.74      1773.26    385712.85
      186       922.50      1777.50    383935.35
      187       918.25      1781.75    382153.59
      188       913.98      1786.02    380367.57
      189       909.71      1790.29    378577.29
      190       905.43      1794.57    376782.72
      191       901.14      1798.86    374983.86
      192       896.84      1803.16    373180.69
      193       892.52      1807.48    371373.22
      194       888.20      1811.80    369561.42
      195       883.87      1816.13    367745.29
      196       879.52      1820.48    365924.81
      197       875.17      1824.83    364099.98
      198       870.81      1829.19    362270.79
      199       866.43      1833.57    360437.22
      200       862.05      1837.95    358599.26
      201       857.65      1842.35    356756.91
      202       853.24      1846.76    354910.16
      203       848.83      1851.17    353058.98
      204       844.40      1855.60    351203.38
      205       839.96      1860.04    349343.34
      206       835.51      1864.49    347478.86
      207       831.05      1868.95    345609.91
      208       826.58      1873.42    343736.49
      209       822.10      1877.90    341858.60
      210       817.61      1882.39    339976.21
      211       813.11      1886.89    338089.32
      212       808.60      1891.40    336197.92
      213       804.07      1895.93    334301.99
      214       799.54      1900.46    332401.53
      215       794.99      1905.01    330496.52
      216       790.44      1909.56    328586.96
      217       785.87      1914.13    326672.83
      218       781.29      1918.71    324754.12
      219       776.70      1923.30    322830.83
      220       772.10      1927.90    320902.93
      221       767.49      1932.51    318970.42
      222       762.87      1937.13    317033.29
      223       758.24      1941.76    315091.53
      224       753.59      1946.41    313145.12
      225       748.94      1951.06    311194.06
      226       744.27      1955.73    309238.34
      227       739.60      1960.40    307277.93
      228       734.91      1965.09    305312.84
      229       730.21      1969.79    303343.04
      230       725.50      1974.50    301368.54
      231       720.77      1979.23    299389.31
      232       716.04      1983.96    297405.35
      233       711.29      1988.71    295416.65
      234       706.54      1993.46    293423.18
      235       701.77      1998.23    291424.95
      236       696.99      2003.01    289421.95
      237       692.20      2007.80    287414.15
      238       687.40      2012.60    285401.55
      239       682.59      2017.41    283384.13
      240       677.76      2022.24    281361.89
      241       672.92      2027.08    279334.82
      242       668.08      2031.92    277302.89
      243       663.22      2036.78    275266.11
      244       658.34      2041.66    273224.45
      245       653.46      2046.54    271177.91
      246       648.57      2051.43    269126.48
      247       643.66      2056.34    267070.14
      248       638.74      2061.26    265008.88
      249       633.81      2066.19    262942.70
      250       628.87      2071.13    260871.57
      251       623.92      2076.08    258795.49
      252       618.95      2081.05    256714.44
      253       613.98      2086.02    254628.41
      254       608.99      2091.01    252537.40
      255       603.99      2096.01    250441.39
      256       598.97      2101.03    248340.36
      257       593.95      2106.05    246234.31
      258       588.91      2111.09    244123.22
      259       583.86      2116.14    242007.08
      260       578.80      2121.20    239885.88
      261       573.73      2126.27    237759.60
      262       568.64      2131.36    235628.25
      263       563.54      2136.46    233491.79
      264       558.43      2141.57    231350.23
      265       553.31      2146.69    229203.54
      266       548.18      2151.82    227051.72
      267       543.03      2156.97    224894.75
      268       537.87      2162.13    222732.62
      269       532.70      2167.30    220565.32
      270       527.52      2172.48    218392.84
      271       522.32      2177.68    216215.17
      272       517.11      2182.89    214032.28
      273       511.89      2188.11    211844.17
      274       506.66      2193.34    209650.83
      275       501.41      2198.59    207452.25
      276       496.16      2203.84    205248.41
      277       490.89      2209.11    203039.29
      278       485.60      2214.40    200824.89
      279       480.31      2219.69    198605.20
      280       475.00      2225.00    196380.20
      281       469.68      2230.32    194149.87
      282       464.34      2235.66    191914.22
      283       458.99      2241.01    189673.21
      284       453.64      2246.36    187426.85
      285       448.26      2251.74    185175.11
      286       442.88      2257.12    182917.99
      287       437.48      2262.52    180655.46
      288       432.07      2267.93    178387.53
      289       426.64      2273.36    176114.18
      290       421.21      2278.79    173835.38
      291       415.76      2284.24    171551.14
      292       410.29      2289.71    169261.43
      293       404.82      2295.18    166966.25
      294       399.33      2300.67    164665.58
      295       393.83      2306.17    162359.40
      296       388.31      2311.69    160047.71
      297       382.78      2317.22    157730.49
      298       377.24      2322.76    155407.73
      299       371.68      2328.32    153079.41
      300       366.11      2333.89    150745.53
      301       360.53      2339.47    148406.06
      302       354.94      2345.06    146061.00
      303       349.33      2350.67    143710.33
      304       343.71      2356.29    141354.04
      305       338.07      2361.93    138992.11
      306       332.42      2367.58    136624.53
      307       326.76      2373.24    134251.29
      308       321.08      2378.92    131872.37
      309       315.39      2384.61    129487.77
      310       309.69      2390.31    127097.46
      311       303.97      2396.03    124701.44
      312       298.24      2401.76    122299.68
      313       292.50      2407.50    119892.18
      314       286.74      2413.26    117478.92
      315       280.97      2419.03    115059.89
      316       275.18      2424.82    112635.08
      317       269.39      2430.61    110204.46
      318       263.57      2436.43    107768.04
      319       257.75      2442.25    105325.78
      320       251.90      2448.10    102877.69
      321       246.05      2453.95    100423.73
      322       240.18      2459.82     97963.91
      323       234.30      2465.70     95498.21
      324       228.40      2471.60     93026.61
      325       222.49      2477.51     90549.10
      326       216.56      2483.44     88065.66
      327       210.62      2489.38     85576.29
      328       204.67      2495.33     83080.96
      329       198.70      2501.30     80579.66
      330       192.72      2507.28     78072.38
      331       186.72      2513.28     75559.10
      332       180.71      2519.29     73039.81
      333       174.69      2525.31     70514.50
      334       168.65      2531.35     67983.15
      335       162.59      2537.41     65445.74
      336       156.52      2543.48     62902.27
      337       150.44      2549.56     60352.71
      338       144.34      2555.66     57797.05
      339       138.23      2561.77     55235.28
      340       132.10      2567.90     52667.39
      341       125.96      2574.04     50093.35
      342       119.81      2580.19     47513.16
      343       113.64      2586.36     44926.79
      344       107.45      2592.55     42334.24
      345       101.25      2598.75     39735.49
      346        95.03      2604.97     37130.52
      347        88.80      2611.20     34519.33
      348        82.56      2617.44     31901.89
      349        76.30      2623.70     29278.19
      350        70.02      2629.98     26648.21
      351        63.73      2636.27     24011.94
      352        57.43      2642.57     21369.37
      353        51.11      2648.89     18720.48
      354        44.77      2655.23     16065.25
      355        38.42      2661.58     13403.68
      356        32.06      2667.94     10735.73
      357        25.68      2674.32      8061.41
      358        19.28      2680.72      5380.69
      359        12.87      2687.13      2693.56
      360         6.44      2693.56        -0.00
